[ {
  "name" : "SHIRA",
  "experimentalData" : {
    "ab_2" : [ 1.5, 3.0, 5.0, 9.0, 15.0, 25.0, 40.0, 65.0, 100.0, 150.0, 220.0, 340.0, 480.0 ],
    "mn_2" : [ 1.0, 1.0, 1.0, 1.0, 1.0, 1.0, 1.0, 1.0, 1.0, 1.0, 1.0, 1.0, 2.0 ],
    "amperage" : [ 0.0, 0.0, 0.0, 0.0, 0.0, 0.0, 0.0, 0.0, 0.0, 0.0, 0.0, 0.0, 0.0 ],
    "voltage" : [ 0.0, 0.0, 0.0, 0.0, 0.0, 0.0, 0.0, 0.0, 0.0, 0.0, 0.0, 0.0, 0.0 ],
    "resistanceApparent" : [ 95.33, 54.75, 41.3, 39.82, 45.68, 60.91, 85.32, 122.25, 164.35, 209.71, 254.3, 301.77, 333.38 ],
    "errorResistanceApparent" : [ 5.0, 5.0, 5.0, 5.0, 5.0, 5.0, 5.0, 5.0, 5.0, 5.0, 5.0, 5.0, 5.0 ],
    "polarizationApparent" : [ null, null, null, null, null, null, null, null, null, null, null, null, null ],
    "errorPolarizationApparent" : [ null, null, null, null, null, null, null, null, null, null, null, null, null ]
  },
  "modelData" : {
    "resistance" : [ 130.0, 36.0, 100.59, 400.0 ],
    "polarization" : [ null, null, null, null ],
    "power" : [ 0.9, 10.0, 148.54, 0.0 ]
  }
}, {
  "name" : "KAZAN",
  "experimentalData" : {
    "ab_2" : [ 1.0, 1.5, 2.2, 3.2, 4.6, 6.8, 10.0, 14.7, 21.5, 31.6, 46.4, 68.1, 100.0, 146.8, 215.0, 316.0, 464.0, 681.0, 1000.0 ],
    "mn_2" : [ 1.0, 1.0, 1.0, 1.0, 1.0, 1.0, 1.0, 1.0, 1.0, 1.0, 1.0, 1.0, 1.0, 1.0, 1.0, 1.0, 1.0, 1.0, 1.0 ],
    "amperage" : [ 0.0, 0.0, 0.0, 0.0, 0.0, 0.0, 0.0, 0.0, 0.0, 0.0, 0.0, 0.0, 0.0, 0.0, 0.0, 0.0, 0.0, 0.0, 0.0 ],
    "voltage" : [ 0.0, 0.0, 0.0, 0.0, 0.0, 0.0, 0.0, 0.0, 0.0, 0.0, 0.0, 0.0, 0.0, 0.0, 0.0, 0.0, 0.0, 0.0, 0.0 ],
    "resistanceApparent" : [ 79.8, 79.8, 79.8, 79.8, 79.8, 79.8, 79.8, 79.7, 79.2, 77.8, 74.2, 66.1, 53.8, 42.8, 39.4, 44.9, 56.2, 73.2, 99.2 ],
    "errorResistanceApparent" : [ 3.0, 3.0, 3.0, 3.0, 3.0, 3.0, 3.0, 3.0, 3.0, 3.0, 3.0, 3.0, 3.0, 3.0, 3.0, 3.0, 3.0, 3.0, 3.0 ],
    "polarizationApparent" : [ 0.0, 0.0, 0.0, 0.0, 0.0, 0.0, 0.0, 0.0, 0.0, 0.0, 0.0, 0.0, 0.0, 0.0, 0.0, 0.0, 0.0, 0.0, 0.0 ],
    "errorPolarizationApparent" : [ 0.0, 0.0, 0.0, 0.0, 0.0, 0.0, 0.0, 0.0, 0.0, 0.0, 0.0, 0.0, 0.0, 0.0, 0.0, 0.0, 0.0, 0.0, 0.0 ]
  },
  "modelData" : null
} ]